%YAML:1.0
---
detectionoutput: !!opencv-object-detector-hog
   winSize: [ 64, 128 ]
   blockSize: [ 16, 16 ]
   blockStride: [ 8, 8 ]
   cellSize: [ 8, 8 ]
   nbins: 9
   derivAperture: 1
   winSigma: 4.
   histogramNormType: 0
   L2HysThreshold: 2.0000000000000001e-01
   gammaCorrection: 1
   nlevels: 64
   signedGradient: 0
   SVMDetector: [ -9.89275798e-03, -1.60777029e-02, -1.38530869e-03,
       -1.36238877e-02, -6.96699647e-03, -1.86360814e-02,
       -5.52556105e-03, 1.12492600e-02, 1.80345792e-02, -1.08185504e-02,
       -1.37728332e-02, 8.51488300e-03, -7.41092116e-03, 6.19643787e-03,
       -2.61485595e-02, -1.77311841e-02, -3.69063835e-03, 1.27384858e-03,
       1.04854731e-02, -1.50912430e-03, 9.29022487e-03, -1.19907791e-02,
       4.61141532e-03, -2.17315201e-02, -9.49233118e-03, 1.97394993e-02,
       3.77456136e-02, -1.70675002e-03, -1.24704111e-02, 2.06777430e-03,
       -1.28705874e-02, 1.93921756e-02, -2.28591878e-02, -1.43100210e-02,
       1.27179949e-02, 3.14662978e-02, -7.41494540e-03, -6.19345577e-03,
       6.14278810e-03, -4.24892223e-03, 1.01901116e-02, -1.81327090e-02,
       -7.49951135e-03, 5.59859956e-03, 2.26654066e-03, -1.77417370e-03,
       1.91472925e-03, 9.79795773e-03, -3.21239629e-03, 4.71985759e-03,
       -1.39920805e-02, -1.14220865e-02, -3.17686325e-04,
       -1.70963141e-03, -5.78658050e-03, -4.20461362e-03, 4.61321883e-03,
       -1.08234482e-02, 2.25561764e-02, -2.11509150e-02, -3.62964743e-03,
       1.45910000e-02, 2.20085941e-02, -8.37563630e-03, 1.45833027e-02,
       1.41490698e-02, -5.25154034e-03, 2.03013178e-02, -1.27667692e-02,
       1.19322492e-03, -8.29625409e-04, -2.02480378e-03, 5.50685450e-03,
       4.55889356e-04, 9.50288400e-03, 7.09798606e-03, 2.54503661e-03,
       -7.84432609e-03, -3.97490850e-03, -9.15208147e-05, 7.34899309e-04,
       1.57870762e-02, -7.17016286e-04, 8.19364656e-03, -2.83602765e-03,
       -9.20135807e-03, -1.74356475e-02, -1.15800770e-02,
       -5.24075609e-03, 1.12092793e-02, 6.31528767e-03, 1.41718872e-02,
       9.94086824e-03, 9.52481572e-03, 2.15516314e-02, -8.60844832e-03,
       6.63772551e-03, 3.46993585e-03, -1.87276083e-03, 2.64042970e-02,
       2.31584199e-02, 1.37504758e-02, 8.06426397e-04, 1.02814902e-02,
       -1.91009194e-02, 2.03378825e-03, 2.35551340e-03, 7.39225047e-03,
       1.59305613e-02, 1.60773715e-03, 2.92058242e-03, -8.47887155e-03,
       -4.38121893e-03, -4.16803313e-03, -8.90252646e-03, 4.85858833e-03,
       1.14017166e-02, 1.94810778e-02, 9.68963373e-03, 1.28737856e-02,
       -3.11704772e-03, -1.01210549e-02, -5.88415598e-04,
       -1.02680945e-03, 1.27923833e-02, 1.01641119e-02, 2.00291555e-02,
       3.37135680e-02, 1.05323289e-02, -1.16554201e-02, 1.15055416e-03,
       -5.71311265e-03, -4.39842883e-03, -2.84957630e-03,
       -1.09486026e-03, 3.18260007e-02, 2.12741923e-02, 2.20718533e-02,
       -5.57560241e-03, 4.16535139e-03, 1.26582687e-03, -1.60270720e-03,
       2.71271006e-03, 9.94467828e-03, 1.59672834e-02, 6.64794631e-03,
       1.38768787e-02, -7.15999911e-03, -1.59579813e-02, -1.30323470e-02,
       -8.22557881e-03, -3.47499875e-03, 3.46375443e-03, 1.57623105e-02,
       1.21648517e-02, 1.62181687e-02, 3.14109237e-03, -1.72101408e-02,
       -1.22948484e-02, -1.17294211e-02, -1.57744158e-02, 3.39482096e-03,
       2.21621506e-02, 2.30826270e-02, 2.03412361e-02, 2.92987633e-03,
       3.82988900e-03, -7.89701473e-03, -9.76147782e-03, -2.62547866e-03,
       -2.28185137e-03, 3.22194323e-02, 3.37361842e-02, 1.88600626e-02,
       1.09851994e-02, 1.07017979e-02, -1.74385309e-03, -3.84883676e-03,
       -5.15928213e-03, 7.92214554e-03, 4.31440910e-03, 4.08428907e-03,
       1.14060082e-02, -1.65866187e-03, -1.82921961e-02, -5.57335233e-03,
       -6.99365465e-03, -3.62261990e-03, 3.43032158e-03, 2.32723774e-04,
       -6.54922798e-03, 4.97126207e-03, -8.30004085e-03, -1.84179004e-02,
       2.45726085e-03, 5.08316932e-03, 1.10204034e-02, 5.62388857e-04,
       2.02354882e-02, 1.27795432e-02, 5.27936826e-03, 2.21390929e-03,
       -8.86872702e-04, -3.11414641e-03, 5.60671603e-03, 1.00797554e-02,
       1.55247077e-02, 1.44569790e-02, 1.25456117e-02, 2.06812266e-02,
       1.79764407e-03, -1.05865048e-02, -8.92030832e-04, 9.48440284e-03,
       1.59161538e-02, 1.79832652e-02, -1.99810974e-03, -9.96857230e-03,
       1.83266366e-03, -3.14531638e-03, -1.68621875e-02, 3.94805102e-03,
       6.77015819e-03, 4.06961655e-03, 1.94914301e-03, -2.06366228e-03,
       -1.49752749e-02, 6.59165438e-04, 9.71641578e-03, -1.23973927e-02,
       -1.11214444e-03, -4.30167792e-03, -8.29966273e-04, 1.29074766e-03,
       2.37125121e-02, 3.18139000e-03, 1.33690583e-02, 2.15448393e-03,
       -8.46752245e-03, 2.66633974e-03, 9.09110252e-03, 8.38072319e-03,
       2.45618410e-02, 2.71765124e-02, -6.40471745e-03, 4.12396342e-03,
       1.20069571e-02, -7.11362809e-03, -4.84546326e-04, 1.50926248e-03,
       5.70629351e-03, 2.64587365e-02, -1.00301742e-03, -1.81994680e-02,
       7.31590495e-04, 8.51949211e-03, -8.43700115e-03, -6.75766217e-03,
       -7.65483268e-03, 3.49877332e-03, 1.19596412e-02, 3.08603887e-03,
       -9.15054511e-03, 2.00486300e-03, 1.06249319e-03, -1.17497286e-02,
       -1.59231946e-02, -1.16730155e-02, 7.79663632e-03, 1.46422535e-02,
       1.83551218e-02, -2.61016493e-03, 1.24703273e-02, 1.25416853e-02,
       -3.52057093e-03, -5.58361784e-03, -1.74608533e-04, 4.98843985e-03,
       1.92350112e-02, 1.97035205e-02, 5.60620055e-03, 5.02269249e-03,
       -6.61044905e-04, 4.55071498e-03, -1.26964338e-02, -3.48713226e-03,
       1.15395626e-02, 2.52434611e-02, -8.80202337e-04, -5.25230775e-03,
       6.10435801e-03, 4.63235145e-03, 2.31881189e-04, -1.58439428e-02,
       -1.52511932e-02, 6.26142882e-03, 6.93151401e-03, -5.56148635e-03,
       -1.15649989e-02, 8.12829845e-03, 5.26568107e-03, 9.98859573e-03,
       -1.64583756e-03, -2.21485947e-03, 5.81099326e-03, -1.54431222e-03,
       1.57889221e-02, 6.09660929e-04, 1.08820479e-03, 2.78712064e-03,
       2.15088353e-02, -1.12469671e-02, -2.43582530e-03, 1.86207127e-02,
       2.07830537e-02, -2.23891530e-03, -6.69711223e-03, 1.85578631e-03,
       1.38428761e-02, 2.87999995e-02, -6.89333677e-03, 1.73244125e-03,
       2.12453455e-02, 1.09802978e-02, -3.97588965e-03, -1.17656048e-02,
       2.79264175e-03, 6.73519820e-03, 2.01758929e-02, 2.67426507e-03,
       5.30073931e-03, 4.00598021e-03, 2.53161299e-03, -6.82752719e-03,
       -1.64744407e-02, 2.91076349e-03, -7.08383683e-04, 2.14975737e-02,
       -4.63091349e-03, 1.04732402e-02, -1.97288068e-03, 7.88160227e-03,
       1.36118324e-03, -8.04509595e-03, 5.63262030e-04, 3.08117829e-03,
       3.18829194e-02, -8.78486503e-03, 1.87967019e-03, 1.69730559e-02,
       1.22681921e-02, 4.61497018e-03, -1.13394447e-02, -2.17814092e-03,
       -1.00947181e-02, 2.39950176e-02, -3.81476292e-03, 5.71476575e-03,
       9.98570956e-03, 2.40401477e-02, -1.44608656e-03, -5.48030995e-03,
       1.50263784e-02, -1.88950260e-04, 1.65197048e-02, -1.23252720e-02,
       -3.37626599e-03, 5.06835477e-03, 1.85653344e-02, -2.61790748e-03,
       -1.14491675e-02, 8.75182357e-03, -1.26798879e-02, 1.40222283e-02,
       -5.84148429e-03, -6.44678657e-04, 1.10914251e-02, 1.33371288e-02,
       1.53925503e-02, 6.05013105e-04, 9.24287084e-03, -2.88218702e-03,
       2.52152253e-02, 4.59706457e-03, 3.78041575e-03, 1.55155435e-02,
       3.69630456e-02, 4.21961537e-03, 4.35447507e-03, 1.13636367e-02,
       -7.15671945e-03, 2.08551474e-02, -1.12963957e-03, -1.65679411e-03,
       1.38799427e-02, 1.71335787e-02, -3.22073931e-04, -7.37980194e-03,
       7.14417873e-03, -1.34012131e-02, 1.96470451e-02, -1.83974102e-04,
       1.32413711e-02, 1.61974132e-02, 1.28612882e-02, -6.34391035e-04,
       -5.58116613e-03, 1.35738412e-02, -1.14339124e-02, 1.77387167e-02,
       -6.69569476e-03, 1.13398377e-02, 1.02418922e-02, 7.89259002e-03,
       1.19165471e-02, 5.01667522e-03, 1.06212124e-02, -1.13944774e-02,
