%YAML:1.0
---
detectionoutput: !!opencv-object-detector-hog
   winSize: [ 64, 128 ]
   blockSize: [ 16, 16 ]
   blockStride: [ 8, 8 ]
   cellSize: [ 8, 8 ]
   nbins: 9
   derivAperture: 1
   winSigma: 4.
   histogramNormType: 0
   L2HysThreshold: 2.0000000000000001e-01
   gammaCorrection: 1
   nlevels: 64
   signedGradient: 0
   SVMDetector: [ -7.39483256e-03, -3.69661651e-03, -8.70591495e-03,
       -3.39519233e-03, -1.10359117e-02, -1.16397894e-03, 1.40887790e-03,
       4.03256807e-03, -1.57587184e-03, -9.25941020e-03, -1.71147175e-02,
       -2.07742788e-02, -6.57366216e-03, -1.61242895e-02,
       -7.68567622e-03, -2.83130305e-03, 3.54966847e-04, 7.60916620e-04,
       -7.29927979e-03, -1.23445615e-02, -1.60336643e-02,
       -4.71690996e-03, -1.29634384e-02, 5.47956617e-04, -1.15663745e-03,
       4.91790194e-03, -1.61343487e-03, -1.00740725e-02, -1.54843545e-02,
       -2.01664064e-02, -4.87571582e-03, -2.12832391e-02,
       -9.37278382e-03, -8.28927662e-03, 3.83475958e-03, -2.77814455e-03,
       -7.56671885e-03, -1.09343408e-02, -1.23802414e-02, 1.46463921e-03,
       -9.78282932e-03, -5.30370325e-03, 6.83080079e-03, 3.84543464e-03,
       -2.97874119e-03, -7.95931183e-03, -7.00421585e-03,
       -8.61992314e-03, -3.73070291e-03, -1.92477461e-02,
       -3.82085401e-03, 4.71789110e-03, 4.27046372e-03, -6.55739475e-03,
       -2.38744705e-03, -6.06455747e-03, -1.41048320e-02, 2.21844343e-03,
       -1.03132864e-02, -1.00399423e-02, 2.18474399e-03, 6.94162538e-03,
       1.12389517e-03, 6.68628979e-03, 5.94810676e-03, -1.13814836e-02,
       -1.69297699e-02, -2.90386919e-02, -9.40320548e-03,
       -1.66226551e-03, 4.84685274e-03, 2.31418130e-03, -6.63060090e-03,
       -2.76352535e-03, -5.76342549e-03, -5.40892780e-03,
       -1.70020331e-02, -3.63995391e-03, 3.09508690e-03, 1.46797893e-03,
       -6.15400774e-03, -9.72467102e-03, -1.12850228e-02,
       -8.41168594e-03, 1.10190897e-03, -6.19753636e-03, -7.37663079e-03,
       1.08205033e-02, -5.25034557e-04, -1.25336703e-02, 1.03387488e-02,
       3.40930652e-03, -1.05277542e-02, -1.67960487e-02, -2.45698020e-02,
       -5.75411133e-03, 2.85631535e-03, 1.03350263e-02, 7.54477223e-03,
       -1.20448554e-03, -5.90225402e-03, -8.93002562e-03,
       -7.00564217e-03, -3.34793795e-03, -1.16305267e-02, 4.70727636e-03,
       -9.34658223e-04, 2.09228997e-03, -1.06499167e-02, -1.46734221e-02,
       -1.19895488e-02, 1.45057798e-03, -9.38155048e-04, -2.59484607e-03,
       1.81876346e-02, 4.46027284e-03, -5.68232685e-03, -1.13382190e-02,
       -1.40724787e-02, -1.44028617e-02, -4.73465072e-03,
       -1.39026847e-02, -6.40640734e-03, 1.80606847e-03, -4.33982536e-03,
       -8.81837774e-03, -5.09125227e-03, -7.61452923e-03,
       -8.22482444e-03, -6.08592469e-04, -2.66732625e-03,
       -1.40983546e-02, -3.14555451e-04, 1.84923608e-03, 7.27829232e-04,
       -4.88110213e-03, -1.38629247e-02, -1.64392162e-02, 2.25823163e-03,
       -1.06387716e-02, -1.42282480e-02, -6.62814593e-03,
       -4.23922669e-03, -2.86511728e-03, -6.05702447e-03,
       -6.44202810e-03, -4.52172989e-03, 4.30042949e-03, -8.77998210e-03,
       -1.32663008e-02, -4.97574918e-03, -1.10820066e-02,
       -6.21389784e-03, -7.96897279e-04, -8.45749583e-03, 1.32475735e-03,
       1.35869486e-02, 2.87089497e-05, -7.96117354e-03, -1.94018707e-02,
       -2.35035941e-02, -7.78215192e-03, -1.24767993e-03,
       -7.33359344e-03, -5.75804105e-03, 8.14280938e-03, 6.87047723e-04,
       -9.37584508e-03, -9.38208960e-03, -1.03964191e-02,
       -4.11274639e-04, 3.39580933e-03, -5.34113543e-03, 3.85919074e-03,
       1.89820286e-02, 1.63306866e-03, -1.69208106e-02, -2.21761223e-02,
       -1.70430131e-02, 3.15653800e-04, 4.12747700e-04, -7.30687845e-03,
       -5.08599589e-03, 1.27871083e-02, 5.96927619e-03, -3.08882841e-03,
       -1.50582464e-02, -1.76749416e-02, -3.65851587e-03, 1.71873742e-03,
       -1.11528933e-02, -1.09841302e-02, 1.62227498e-03, -2.80754082e-03,
       -1.60754323e-02, -1.77858640e-02, -1.95710752e-02,
       -4.80214646e-03, -1.95228285e-03, -6.85336860e-03,
       -2.08259025e-03, 1.48632247e-02, 1.49727203e-02, -6.18890207e-03,
       -1.87556278e-02, -1.69848427e-02, -6.21952303e-03, 5.04375296e-03,
       -7.49272574e-03, -5.87394054e-04, 8.82238848e-04, 1.02993436e-02,
       -7.44205248e-03, -1.69342440e-02, -1.75565351e-02,
       -6.54490199e-03, 1.88383332e-03, -8.87471344e-03, -5.43567259e-03,
       4.93700430e-03, 4.21281718e-03, -9.07325186e-03, -9.44045652e-03,
       -7.21802469e-03, -1.39438943e-03, -4.65385150e-03,
       -6.61118980e-03, -8.09522718e-03, -5.31811384e-04,
       -2.52005784e-03, -2.98817689e-03, -9.36107524e-03,
       -7.16202520e-03, -6.99412404e-03, 1.23008043e-02, -6.98988617e-04,
       9.89698805e-04, 1.31697592e-03, 1.09727047e-02, 2.82704760e-03,
       -1.06418098e-03, -6.07262738e-03, -1.92180346e-03, 6.18754607e-03,
       -3.69722256e-03, -1.02989832e-02, -1.03579294e-02,
       -2.30130553e-03, -3.81925306e-03, -3.40941758e-03,
       -5.16591407e-03, -5.68070682e-03, 2.11719819e-03, 3.33489431e-03,
       1.61031028e-03, 1.46717392e-03, 3.00983456e-03, -4.93352488e-03,
       -6.43748045e-03, -3.93660273e-03, -3.56173539e-03, 4.01303609e-04,
       1.21156673e-03, -6.46216189e-03, -1.04943551e-02, -5.97990770e-03,
       -1.17541412e-02, -7.38080032e-03, -1.39547908e-03,
       -8.51441990e-04, 2.85875797e-03, -1.32725923e-03, -3.84075497e-03,
       -2.47650314e-04, 1.94436265e-03, -6.40316575e-04, 6.31835032e-03,
       1.83697289e-03, -6.68370747e-04, -4.21556970e-03, -1.23752411e-02,
       -1.32941911e-02, -7.20303878e-03, -2.48239189e-03,
       -8.73463601e-03, -1.99635909e-03, -3.45556904e-03, 3.29458126e-04,
       4.90066316e-03, 5.11806319e-03, 4.56774374e-03, -8.97420628e-04,
       -1.95154361e-03, -8.01330991e-03, -3.31986439e-03,
       -1.31743588e-03, 3.21659283e-03, 2.73885042e-03, 3.17059201e-03,
       9.37306229e-03, -1.69896777e-03, 8.37034546e-03, -6.09104196e-03,
       -4.41259611e-03, 1.77340861e-03, 2.40405416e-03, -3.13370628e-03,
       -2.82521872e-03, 5.04867826e-03, 2.70929118e-03, 5.81662590e-03,
       -1.00501524e-02, -5.20883314e-03, -8.02577287e-03,
       -4.06420557e-03, -5.56084141e-03, -9.94238886e-04, 2.18287972e-03,
       -1.49858021e-03, 5.67254517e-03, -8.95673968e-03, -8.01054016e-03,
       -1.15824658e-02, -8.04611389e-03, -4.73469449e-03,
       -7.71522010e-03, -4.99801850e-03, -7.35340361e-03, 3.03872349e-03,
       -1.53170545e-02, -4.84726531e-03, -7.54145789e-04,
       -1.95104128e-03, 1.62917667e-03, -1.49807765e-03, 7.94693304e-04,
       -9.44538601e-03, 2.18966696e-03, -9.96324699e-03, 9.32694413e-03,
       3.13765183e-03, 8.38057749e-05, -6.30913954e-03, -9.26742237e-03,
       -6.77878130e-03, -5.69440611e-03, 2.26953253e-03, -1.16905523e-02,
       -5.62304910e-03, -4.38572699e-03, -2.11581029e-03,
       -5.23615209e-03, -9.64246318e-03, 4.21426678e-03, -2.74257269e-04,
       9.51143447e-03, -1.21945273e-02, -5.66594955e-03, 6.57173339e-04,
       -5.24459872e-03, -2.36531277e-03, -1.23028578e-02,
       -5.59456181e-03, -7.85705540e-03, -1.00063933e-02,
       -5.40235173e-03, 8.08275491e-03, -3.36266647e-04, -3.68943810e-03,
       1.79078162e-03, -1.15355793e-02, -6.98920200e-03, -3.91028123e-03,
       -5.41672530e-03, -9.37189441e-03, -2.08540540e-03,
       -3.32134101e-03, -6.04616571e-03, -9.26333014e-03,
       -8.38444941e-03, 2.02798680e-03, -8.80808511e-04, -1.63958373e-03,
       -1.26425633e-02, -3.65882460e-03, -2.36596167e-03,
       -8.72950349e-03, -7.01992866e-03, -1.15287034e-02,
       -2.32651201e-03, 2.29700701e-03, 5.30278124e-03, -9.36540868e-03,
       3.54845263e-03, 1.51206084e-04, -2.43629562e-03, 3.04188416e-03,
       -2.44755694e-03, -3.69649217e-03, 1.20736600e-03, 2.34990846e-03,
       -5.63403638e-03, -5.87033853e-03, -2.71515129e-03,
       -9.94432019e-04, -3.29956878e-03, -9.77651402e-03,
       -7.90066272e-03, 2.24864623e-03, 1.90190133e-03, -1.17048612e-02,
