%YAML:1.0
---
detectionoutput: !!opencv-object-detector-hog
   winSize: [ 64, 128 ]
   blockSize: [ 16, 16 ]
   blockStride: [ 8, 8 ]
   cellSize: [ 8, 8 ]
   nbins: 9
   derivAperture: 1
   winSigma: 4.
   histogramNormType: 0
   L2HysThreshold: 2.0000000000000001e-01
   gammaCorrection: 1
   nlevels: 64
   signedGradient: 0
   SVMDetector: [ -3.58978356e-03, -9.51729808e-03, 8.07100907e-03,
       -7.49948760e-03, 6.26665028e-03, -3.47318426e-02, -1.52706904e-02,
       5.40152332e-03, 1.76304784e-02, -7.41660129e-04, -5.04864892e-03,
       6.85797120e-03, -1.33656859e-02, 7.53369695e-03, -1.33110629e-02,
       -1.33201825e-02, -1.34023023e-03, 1.08821336e-02, 2.35168226e-02,
       3.11810733e-03, 1.72434971e-02, -6.41247118e-03, 1.66347567e-02,
       -3.02418731e-02, -2.40087193e-02, 5.67242503e-03, 4.23049778e-02,
       1.82350446e-02, 3.81140318e-03, 1.58998184e-03, -1.48267429e-02,
       3.34978960e-02, -1.22532742e-02, -1.51766678e-02, -7.54249690e-04,
       3.91930379e-02, -1.18841778e-03, -5.19254431e-03, 1.78329108e-04,
       -7.49485102e-03, 1.04305241e-02, -9.00828280e-03, -9.19032563e-03,
       2.61786219e-04, 1.57220978e-02, 2.48945295e-03, 2.87372502e-03,
       9.24760476e-03, 2.88306223e-03, 1.06272604e-02, -1.78773496e-02,
       -2.13135779e-02, 2.27529719e-03, 1.28191942e-02, 7.99698941e-03,
       8.32461379e-03, -8.79720552e-04, 7.14587048e-04, 2.88420282e-02,
       -1.18656131e-02, -1.06217200e-02, 1.33510143e-03, 2.76355837e-02,
       -3.04308516e-04, 1.71737894e-02, 1.64067894e-02, 2.16162596e-02,
       3.42756845e-02, -1.30537404e-02, -8.46116804e-03, 5.58372913e-03,
       1.76583119e-02, 5.18991286e-03, 2.30468300e-04, 3.70884663e-03,
       -4.34872601e-03, -7.02114217e-03, -8.41743685e-03,
       -3.61853442e-03, 3.32125416e-03, 7.06074713e-03, 1.34061603e-02,
       1.11259669e-02, 9.21768975e-03, -1.72258522e-02, -3.43480660e-03,
       -5.72948297e-03, -1.38076267e-03, -5.39573375e-04, 9.81347542e-03,
       5.97564550e-03, 5.48657589e-03, 1.29536847e-02, 7.32938852e-03,
       1.81933846e-02, -9.73517355e-03, 2.85160077e-05, 8.92926846e-03,
       1.20763276e-02, 2.11975649e-02, 1.66988969e-02, 2.52966359e-02,
       4.05499432e-03, 3.04337665e-02, -1.50414454e-02, -9.73904133e-03,
       -4.24452033e-03, 1.25797708e-02, 1.44092990e-02, 9.46016423e-03,
       -3.03808367e-03, -2.11381391e-02, 2.57299253e-04, 8.26117641e-04,
       3.17007507e-04, 8.76766106e-04, 1.44151719e-02, 2.32173000e-02,
       1.88211147e-02, 8.72027036e-03, -1.36749577e-02, -1.46231726e-02,
       -2.55726185e-03, 1.89978455e-03, 9.90227237e-03, 1.07342033e-02,
       2.17667986e-02, 2.28071474e-02, 1.92636549e-02, -1.85338303e-03,
       1.24797411e-02, -1.80181600e-02, -2.13770904e-02, -8.87743011e-03,
       5.89359133e-03, 3.38501073e-02, 1.35146352e-02, 2.21046247e-02,
       -4.50907834e-03, 1.91346882e-03, -6.30483701e-05, 2.75336183e-03,
       -2.27975263e-03, 2.10872740e-02, 1.33224139e-02, 1.60327014e-02,
       1.22797610e-02, -4.92548477e-03, -2.13177446e-02, -1.52663216e-02,
       -4.85990662e-03, 5.10870526e-03, 5.00608236e-03, 1.18606025e-02,
       1.84904113e-02, 2.06723828e-02, 4.13629413e-03, -1.26247415e-02,
       -1.87204946e-02, -1.22315735e-02, 1.06790392e-02, 9.77140199e-03,
       2.04838645e-02, 6.50914479e-03, 1.82701387e-02, -9.77193005e-04,
       -2.44352268e-03, 9.85249644e-04, 1.45688723e-03, 2.08094670e-03,
       1.12677915e-02, 3.74842547e-02, 3.74181420e-02, 1.92228016e-02,
       9.11271293e-03, 1.85104888e-02, -4.96869441e-03, -5.34419250e-03,
       8.56301747e-03, 1.54848797e-02, 1.03802225e-02, 1.06416931e-02,
       1.57604795e-02, 3.49225313e-03, -1.49651710e-02, -1.61027480e-02,
       -1.44760795e-02, 9.56171751e-03, 6.02225494e-03, 5.52264601e-03,
       -1.00031984e-03, 4.34525916e-03, 3.40100587e-03, -1.58757027e-02,
       -1.56381074e-02, -3.31556844e-03, 5.92803722e-03, -1.27440237e-03,
       2.85357554e-02, 1.63048562e-02, 6.60917815e-03, 2.04546284e-03,
       7.60820229e-03, -6.23842981e-03, -8.33551586e-03, 3.62889445e-03,
       1.49798999e-02, 2.09559519e-02, 1.16115799e-02, 1.83836147e-02,
       4.95696580e-03, 1.97790028e-03, -2.35668453e-03, 1.28958083e-03,
       1.28328549e-02, 1.99995451e-02, 7.27204513e-03, -4.17914381e-03,
       -6.09548390e-03, 5.76796290e-03, -9.61021427e-03, -6.44679414e-03,
       -3.09275277e-03, 4.17686207e-03, 2.97408737e-03, 5.79199148e-03,
       -4.13785363e-03, -7.13212555e-03, 3.41201620e-03, -9.51382425e-03,
       -1.44379325e-02, -1.45603521e-02, -1.68086085e-02,
       -3.13367369e-03, 2.65827030e-02, 8.48371815e-03, 1.51586337e-02,
       9.73969419e-03, 6.80606253e-03, 6.37018355e-03, -1.84170785e-03,
       1.90069377e-02, 3.21429446e-02, 3.38795185e-02, 1.50060537e-03,
       -5.77250845e-04, 3.08012869e-03, 4.14228346e-03, -3.58812185e-03,
       -1.14300456e-02, 6.99842628e-03, 3.10376827e-02, 6.99820695e-03,
       -6.79362193e-03, -5.11113647e-03, -4.97656176e-03, 2.67775991e-04,
       -6.41537737e-03, -9.57566872e-03, -8.60729814e-03, 6.88829971e-03,
       9.37951356e-03, -4.06305352e-03, -4.97254217e-03, -2.80353823e-03,
       6.75162242e-04, -4.57538385e-03, -5.43279992e-03, -1.32198643e-03,
       1.39821777e-02, 3.29121202e-02, 8.70195124e-03, 8.11245851e-03,
       4.78829164e-03, 7.86542520e-03, -6.07325369e-03, -7.58683309e-03,
       4.01596073e-03, 2.98579931e-02, 2.87734158e-02, 1.54572763e-02,
       1.17168818e-02, 1.00393977e-03, 1.93353072e-02, -4.10861149e-03,
       -6.14849059e-03, 5.72596397e-03, 3.04275602e-02, -2.84800283e-03,
       -4.33050469e-03, -1.87748097e-04, 1.33713125e-03, 6.53586676e-03,
       -8.20149202e-03, -1.04877725e-02, -1.59409642e-03, 1.92065502e-03,
       -1.44433146e-02, -1.33914482e-02, 3.74016375e-03, 3.18139629e-03,
       1.43481074e-02, -1.23419650e-02, -3.59037938e-03, -2.96408148e-03,
       -1.00278873e-02, 1.12936767e-02, 1.32578528e-02, 6.29251730e-03,
       3.58803594e-03, 2.91086752e-02, -7.92720169e-03, -6.19993266e-03,
       1.20169446e-02, 2.06347443e-02, -8.52373242e-03, 7.14302179e-04,
       1.42768566e-02, 8.84871930e-03, 3.88997868e-02, -1.13507910e-02,
       -3.65162524e-03, 1.45554813e-02, 9.84205864e-03, -1.03838034e-02,
       -1.40394764e-02, 7.88795389e-03, 3.23842908e-03, 1.68728270e-02,
       -8.95716436e-03, 3.30526149e-04, -1.61938684e-03, -3.14259483e-03,
       -4.51885536e-03, -1.24311028e-02, 1.33835282e-02, -7.17249000e-03,
       1.61908679e-02, -2.12497986e-03, 7.43045146e-03, -3.65020079e-03,
       7.20580400e-04, 1.11166690e-03, -2.68409261e-03, 1.08772973e-02,
       -3.78296059e-03, 3.07095386e-02, -1.19867465e-02, 2.89217848e-03,
       9.20723006e-03, 1.47445034e-02, 9.62149538e-03, -9.99393780e-03,
       2.65661976e-03, -9.47450846e-03, 1.82558820e-02, 1.66652538e-03,
       3.54245328e-03, -1.32507074e-03, 2.14935746e-02, 5.69846993e-03,
       -4.38748073e-04, 1.89674944e-02, -5.26958704e-03, 1.30026191e-02,
       1.41937111e-03, 3.51334061e-03, -2.61780946e-03, 1.12621151e-02,
       1.07670585e-02, -2.65133544e-03, 6.60041301e-03, 6.38637925e-04,
       1.09672127e-02, -6.26968918e-03, -3.64151900e-03, -3.05725681e-03,
       1.07364617e-02, 1.11586247e-02, 4.00852133e-03, 1.03359064e-02,
       3.81890917e-04, 2.02772133e-02, 2.52969493e-03, -3.94853204e-03,
       -6.61449449e-04, 2.39277128e-02, 5.57687087e-03, 4.45481203e-03,
       1.49629982e-02, 3.11452919e-03, 3.41781937e-02, -3.98141425e-03,
       -8.91149230e-03, -5.85095352e-03, 4.58605215e-03, 1.37909055e-02,
       1.35481695e-03, 5.57229389e-03, 8.85580725e-04, 2.02465728e-02,
       -6.10136474e-03, 2.97288294e-03, 3.67143704e-03, 1.51657360e-02,
       1.56187816e-02, 1.12378746e-02, 1.39081627e-02, -7.60152843e-03,
       1.97759736e-02, -8.88308883e-03, 7.41643226e-03, 3.37454636e-04,
       1.39451558e-02, 1.23649864e-02, 4.44315793e-03, 1.04580801e-02,
       -1.04286079e-03, 3.55500355e-02, -2.68241623e-03, 5.05207246e-03,
