%YAML:1.0
---
detectionoutput: !!opencv-object-detector-hog
   winSize: [ 64, 128 ]
   blockSize: [ 16, 16 ]
   blockStride: [ 8, 8 ]
   cellSize: [ 8, 8 ]
   nbins: 9
   derivAperture: 1
   winSigma: 4.
   histogramNormType: 0
   L2HysThreshold: 2.0000000000000001e-01
   gammaCorrection: 1
   nlevels: 64
   signedGradient: 0
   SVMDetector: [ 1.15271565e-02, 4.73332219e-03, -2.39183079e-03,
       -8.35790019e-03, -3.92806865e-02, -1.49050951e-02,
       -6.07787678e-03, 5.33009460e-03, 8.10308196e-03, 1.16123799e-02,
       -1.58524443e-03, -4.68300609e-03, -1.00867171e-02,
       -2.94052232e-02, -8.40694644e-03, -3.33721004e-03, 7.32476311e-03,
       1.26275821e-02, 7.81697035e-03, 6.26962027e-03, -8.43781163e-04,
       -7.83588924e-03, -3.08952779e-02, -1.33767305e-02,
       -7.25238258e-03, 4.77549667e-03, 1.30473496e-02, 3.56270629e-03,
       -6.02295529e-03, -1.85392834e-02, -1.44935520e-02,
       -2.18575336e-02, -3.54352803e-03, -9.12921317e-03, 8.09224881e-03,
       1.21310921e-02, 1.20881274e-02, -1.71505683e-03, -8.52964167e-03,
       -1.10570826e-02, -3.78368981e-02, -4.70001297e-03, 1.68499653e-03,
       1.30615206e-02, 1.40087083e-02, 2.00386327e-02, 1.45597663e-03,
       -1.33752711e-02, -1.74088255e-02, -3.19713876e-02, 2.82020285e-03,
       1.54926593e-03, 2.14386440e-04, 1.72666498e-02, 5.96468756e-03,
       1.29585489e-04, -1.54695455e-02, -1.18131610e-02, -2.54265629e-02,
       -1.76387315e-03, -1.18444804e-02, 2.37049512e-03, 6.90367958e-03,
       4.36370308e-03, -8.75025243e-03, -2.16758009e-02, -1.58749931e-02,
       -2.73692459e-02, -4.62169526e-03, -1.21375686e-02,
       -1.27869723e-02, 9.03415401e-03, 2.45381873e-02, 2.07668068e-04,
       -1.55300135e-02, -1.22767882e-02, -1.43701881e-02, 1.93468784e-03,
       -4.49851947e-03, -6.50772545e-03, 2.10271180e-02, 1.05792452e-02,
       -9.72564146e-03, -1.23899980e-02, -3.46117653e-03,
       -1.95963588e-02, -1.40086166e-04, -1.92676447e-02,
       -3.07095656e-03, 2.43766364e-02, 1.19548803e-02, -1.80521868e-02,
       -2.25514993e-02, -1.20871803e-02, -1.91890188e-02,
       -7.57079863e-04, -1.36069572e-02, -1.54713290e-02, 1.59180835e-02,
       -5.09627047e-04, -2.17978526e-02, -1.96375363e-02,
       -3.15454323e-03, -2.36959383e-02, -3.25693679e-03,
       -2.18074378e-02, -7.55152199e-03, 1.81927364e-02, 3.83193535e-03,
       -7.42052868e-03, -3.16500338e-03, -6.07695663e-03,
       -2.01076698e-02, 2.00765498e-04, -1.55576020e-02, -4.89255704e-04,
       1.49705689e-02, 8.48232117e-03, 5.59556065e-03, 2.85038399e-03,
       1.01156125e-03, -1.22630754e-02, -4.08754684e-03, -1.72070973e-02,
       -9.07066278e-03, 9.36330669e-03, -3.99912242e-03, -1.01470137e-02,
       -4.38834121e-03, -4.13686223e-03, -1.97054651e-02,
       -6.40358450e-03, -2.02048402e-02, -2.18849862e-03, 1.43425567e-02,
       -4.13800823e-03, -6.99914247e-03, 2.33183592e-03, 1.04567793e-03,
       -1.19758612e-02, 1.89902645e-03, -1.57970600e-02, -6.87328400e-03,
       1.70048641e-03, 1.44136259e-02, 1.08844489e-02, 5.48241474e-03,
       1.66526402e-03, -6.84614992e-03, -2.43112398e-03, -1.60603523e-02,
       -1.02773998e-02, 9.51084588e-03, 2.11062226e-02, 1.61357801e-02,
       1.17908921e-02, -4.12152056e-03, -1.86957400e-02, -1.01704495e-02,
       -2.02188231e-02, -1.73490252e-02, 7.78169720e-04, 1.28680449e-02,
       8.45753588e-03, 8.42770748e-03, 5.61917899e-04, -1.03528230e-02,
       2.29965313e-03, -1.04654040e-02, -9.86451562e-03, 1.76976470e-03,
       1.62581857e-02, 3.42984172e-03, 5.24815405e-03, -2.92847888e-03,
       -2.85347141e-02, -1.24902027e-02, -1.40770040e-02,
       -1.71940513e-02, -4.32949346e-05, 1.96005553e-02, 1.22697856e-02,
       1.81645621e-02, -2.06986209e-04, -1.65306926e-02, -7.04659289e-03,
       -1.36307199e-02, -1.15060387e-02, 2.60274019e-03, 1.86659098e-02,
       9.13001131e-03, 1.25369411e-02, 4.26174048e-03, -1.34793520e-02,
       -4.59520845e-03, -1.78589858e-02, -8.44210945e-03, 6.68374915e-03,
       1.84964426e-02, 1.15753934e-02, 1.49731478e-02, -7.62781966e-03,
       -3.04306541e-02, -1.33708185e-02, -1.48705281e-02,
       -8.70415289e-03, 1.63609488e-03, 1.87403224e-02, 1.15139969e-02,
       7.72878295e-03, -1.38071179e-02, -2.89830733e-02, -1.27993459e-02,
       -2.08759513e-02, -1.85866244e-02, 6.09369483e-03, 2.12319568e-02,
       1.51031185e-02, 1.20185148e-02, 8.92226875e-04, -1.23543059e-02,
       -1.40253804e-03, -1.10846516e-02, -3.29012494e-03, 1.12073775e-02,
       2.51708142e-02, 2.34091058e-02, 1.11775612e-02, 1.39212780e-05,
       -1.87592413e-02, -4.52225143e-03, -1.25737190e-02,
       -9.21221823e-03, 1.16247162e-02, 2.09076591e-02, 1.11246146e-02,
       4.66632051e-03, -9.20473784e-03, -1.87893733e-02, -7.82693084e-03,
       -1.14788478e-02, -6.13054680e-03, 1.02037350e-02, -7.37322611e-04,
       -1.93474453e-03, -2.42428132e-03, -1.85031828e-03,
       -1.41451852e-02, -1.06013538e-02, -9.18257423e-03,
       -8.72089434e-03, -1.29091938e-03, 2.16530878e-02, 9.69316997e-03,
       6.55428367e-03, 1.46063848e-03, -1.26791792e-02, -4.94578574e-03,
       -1.51048042e-03, 2.44872016e-03, 1.78869367e-02, 2.43752915e-02,
       9.65557818e-04, 4.47431020e-03, -1.32064801e-03, -1.55619159e-02,
       -1.64406449e-02, -6.02805894e-03, 2.45504809e-04, 2.33696550e-02,
       6.20664284e-03, -1.93241911e-04, -6.85052582e-05, 2.77666317e-04,
       -1.34740835e-02, -4.43671551e-03, -2.69036304e-04,
       -5.92319237e-04, 2.89437221e-03, 6.05217367e-03, -5.01018716e-03,
       -9.53604281e-03, -5.12748538e-03, -1.85298268e-02,
       -1.11597963e-02, -9.56512801e-03, -8.10907863e-04, 5.77147631e-03,
       3.04306783e-02, 3.94270616e-03, 2.43026740e-03, 3.24229768e-04,
       -1.40354540e-02, -2.07896158e-02, -1.17083574e-02, 3.56727571e-04,
       2.45819930e-02, 2.44460180e-02, -1.13521228e-02, -1.06364470e-02,
       -5.88936498e-03, -1.19892247e-02, -2.18120497e-02,
       -1.58511680e-02, 1.90995366e-03, 3.21328603e-02, 1.65787023e-02,
       1.30741368e-03, -6.91731833e-03, -5.87296847e-04, -1.40835820e-02,
       -1.28089590e-02, -1.29622342e-02, -2.40533683e-03, 1.47846825e-02,
       2.02907808e-02, -4.19654977e-03, -9.84568056e-03, 1.99110154e-03,
       -1.12462193e-02, -1.71152800e-02, -1.92205347e-02, 1.67157865e-04,
       1.99882053e-02, 1.09000062e-03, -1.20568331e-02, -1.74331723e-03,
       -3.93931242e-03, -7.32319895e-03, -1.16260601e-02,
       -1.14933625e-02, 7.03301234e-03, 1.90947726e-02, 2.26986827e-03,
       -1.01465313e-02, -5.17078303e-03, -3.67140770e-03,
       -2.13485444e-04, -9.28968005e-03, -7.19945086e-03, 7.60064228e-03,
       8.63482058e-03, 1.64853912e-02, 7.15342816e-04, 4.00816742e-03,
       6.36515790e-04, -1.12670101e-02, -1.52376825e-02, -1.56452488e-02,
       4.28829668e-03, 2.15970762e-02, 1.45685161e-02, -3.63801117e-03,
       -7.67507637e-03, 1.03569776e-03, -4.89293039e-03, -1.41662480e-02,
       -5.61875151e-03, 3.07337334e-03, 1.89486258e-02, 8.14152043e-03,
       -6.00682059e-03, -2.56587705e-03, -1.99953723e-03, 7.91884740e-05,
       -7.44717568e-03, -4.90953447e-03, 2.65341881e-03, 1.02529712e-02,
       2.35841312e-02, -2.06123246e-03, 1.16218009e-03, 2.46796088e-04,
       -7.44630350e-03, -1.50434664e-02, -1.28290672e-02, 3.17125372e-03,
       1.03378650e-02, 1.46574881e-02, -3.71512887e-03, -7.99410697e-03,
       -4.15837392e-03, -8.32692999e-03, -9.99347493e-03,
       -4.25328733e-03, -3.94985126e-03, 1.74774621e-02, 4.96633397e-03,
       1.53432577e-03, -3.35631357e-03, -5.93192922e-03, -1.63391139e-02,
       -2.13100296e-02, -1.73604116e-02, -7.82095175e-03, 1.38466228e-02,
       2.50303373e-02, 5.74462768e-03, 2.59296177e-03, -6.01828855e-04,
       -6.27797144e-03, -8.69493932e-03, -9.36952792e-03, 5.40955225e-03,
       1.26013085e-02, 1.18238721e-02, 1.87585689e-03, 5.47507359e-03,
       3.45321628e-03, -2.83056893e-03, -1.30032725e-03, -1.05834529e-02,
