%YAML:1.0
---
detectionoutput: !!opencv-object-detector-hog
   winSize: [ 64, 128 ]
   blockSize: [ 16, 16 ]
   blockStride: [ 8, 8 ]
   cellSize: [ 8, 8 ]
   nbins: 9
   derivAperture: 1
   winSigma: 4.
   histogramNormType: 0
   L2HysThreshold: 2.0000000000000001e-01
   gammaCorrection: 1
   nlevels: 64
   signedGradient: 0
   SVMDetector: [ 4.59619751e-03, 3.20950001e-02, 2.77083926e-02,
       5.76801132e-03, -1.51553228e-02, -1.58309489e-02, -1.67012494e-02,
       -1.49966832e-02, -8.46185070e-03, 6.73222123e-03, 3.05682328e-02,
       2.81505454e-02, 2.28673546e-03, -1.56915523e-02, -1.14403293e-02,
       -2.01892741e-02, -2.26514898e-02, -1.07495133e-02, 4.16447874e-03,
       1.16585484e-02, 2.14242730e-02, 3.13103013e-02, 5.97893959e-03,
       -1.40195200e-02, -2.17965897e-02, -1.77820176e-02,
       -8.50220490e-03, -8.89438204e-03, -1.95061450e-03, 1.00252554e-02,
       3.20744701e-02, 5.97729534e-03, 2.43286113e-03, -1.04028070e-02,
       -2.22299900e-02, -1.85736045e-02, 6.84215315e-03, 8.43541324e-03,
       3.47223273e-03, -4.71067382e-03, -1.21289166e-02, 1.19874290e-04,
       -1.76304823e-03, 8.98023660e-04, 6.41674874e-03, 5.41380187e-03,
       -1.28921531e-02, -1.52804907e-02, -4.57625836e-03,
       -4.51388070e-03, 1.70294568e-02, 1.50593109e-02, 1.88982841e-02,
       1.37410332e-02, -1.20247975e-02, -8.59881379e-03, -1.71370141e-03,
       1.00503815e-02, 4.87742526e-03, 2.86520226e-03, 9.99435317e-03,
       3.24666529e-04, -1.33786639e-02, -1.76109802e-02, -2.59494577e-02,
       -2.28520893e-02, 2.06360361e-03, 3.39938030e-02, 3.13894227e-02,
       2.34035663e-02, 1.70392320e-02, -5.45028457e-03, 1.66398548e-02,
       3.94828967e-04, -3.36028123e-03, -4.37848922e-03, -1.49527146e-02,
       -3.52882338e-03, 4.04084008e-03, 3.19016562e-03, 8.17029737e-03,
       6.99020457e-03, -9.66409978e-04, 1.96647979e-02, 2.32490450e-02,
       7.96470139e-03, 2.55354261e-03, 1.22391415e-04, -1.56268980e-02,
       -2.64444225e-03, -1.15665153e-03, -7.73341395e-03,
       -8.54735542e-03, -7.46403064e-04, 1.44609930e-02, 9.88292880e-03,
       -3.66805820e-04, -2.39999895e-03, -2.89866980e-03, 1.88363921e-02,
       1.27370385e-02, 1.38099240e-02, 1.99478436e-02, 5.87012107e-03,
       -4.95195575e-03, -6.50058407e-03, -1.03880847e-02, 6.99316093e-04,
       -1.10466601e-02, -1.39059941e-03, 1.95669681e-02, 1.39345927e-02,
       -7.24803749e-03, -3.44498258e-04, -1.36340712e-03,
       -1.38765620e-02, -1.20637864e-02, 5.24228858e-03, 2.25145239e-02,
       1.17843822e-02, -1.78847229e-03, -2.80479733e-02, -1.14299869e-02,
       -1.41547285e-02, -1.53863998e-02, -7.49333017e-03, 7.77957449e-03,
       1.29798651e-02, 1.73734408e-02, 9.65459552e-03, -1.81377642e-02,
       -7.67856278e-03, -6.60316786e-03, -9.66187567e-03,
       -4.59526852e-03, 2.63470300e-02, 4.75794822e-02, 1.95170902e-02,
       -6.54164236e-03, -3.01942267e-02, -1.65849496e-02,
       -1.89493485e-02, -1.91685539e-02, -3.41215613e-03, 4.09662025e-03,
       1.63971968e-02, 1.07939905e-02, 9.61445365e-03, -1.09575288e-02,
       -9.64585226e-03, -2.01685857e-02, -2.18881927e-02,
       -1.26542756e-02, -2.57364893e-03, 1.23213429e-03, -4.62944526e-03,
       5.97552396e-03, -3.93117592e-03, -1.10749910e-02, -1.77054163e-02,
       -1.84977148e-02, -1.30009791e-02, 2.77663283e-02, 2.79743560e-02,
       1.13456920e-02, -6.21042587e-03, -2.66654044e-02, -1.78584699e-02,
       -1.67803671e-02, -1.37066534e-02, 3.02331080e-03, 3.42787914e-02,
       2.74566207e-02, 7.23205740e-03, -1.81589257e-02, -2.85528898e-02,
       -2.18666010e-02, -7.47036655e-03, 1.39526054e-02, 1.72310192e-02,
       -6.91165728e-03, -1.27947312e-02, -1.87094826e-02,
       -1.13461697e-02, -1.51825361e-02, -7.21725821e-03,
       -2.96221511e-03, -9.08224471e-03, -1.05670299e-02,
       -6.37507159e-03, -1.00852484e-02, -2.91815437e-02,
       -2.39086132e-02, -2.04369295e-02, 6.39429549e-03, 7.05939066e-03,
       6.71933056e-04, 2.17291107e-03, 2.93678492e-02, 2.21200809e-02,
       -5.60309156e-04, -1.54794948e-02, -2.48763449e-02,
       -1.91699918e-02, -1.23148421e-02, 2.53365468e-03, 1.47752212e-02,
       2.88027916e-02, 3.26269008e-02, 1.00330915e-02, -1.66638643e-02,
       -2.60866154e-02, -1.33749656e-02, -1.00188730e-02,
       -3.38563556e-03, 1.30314464e-02, -9.34452098e-03, -1.66084319e-02,
       -1.97531749e-02, -1.67876463e-02, -1.80725716e-02, 7.94576295e-03,
       4.94387979e-03, -5.39443106e-04, -7.30042739e-05, -2.45592799e-02,
       -1.62326619e-02, -1.36633161e-02, -2.92154797e-03,
       -1.38341775e-02, 5.34411334e-03, 9.55494307e-03, -7.68966915e-04,
       -1.73122864e-02, 2.73339693e-02, 3.03326473e-02, 3.11939628e-03,
       -1.62454788e-02, -2.03958657e-02, -3.15022608e-03,
       -4.21491498e-03, -7.98181922e-04, 8.63060914e-03, -1.69807323e-03,
       1.66061409e-02, 2.15308424e-02, 2.76594050e-03, -1.44891338e-02,
       -6.59336627e-04, 1.05172275e-02, -6.17634156e-04, -1.49195194e-02,
       -1.32354386e-02, -4.00304189e-03, -3.76175670e-03, 1.66437635e-03,
       -7.46795349e-03, -1.05725788e-03, -2.90569430e-03,
       -7.17937900e-03, -1.70568135e-02, 9.39214230e-03, -1.23960786e-02,
       -1.24774631e-02, 1.27090851e-03, -4.29082476e-03, -1.51200034e-03,
       -4.69247019e-03, -5.70268044e-03, 5.55943290e-04, -2.75744568e-03,
       6.19751215e-03, 2.50830576e-02, 1.47988796e-02, 3.38336779e-03,
       -2.28912802e-03, 6.80205366e-03, 1.50553486e-03, -1.55009702e-02,
       2.77856155e-03, -1.20531302e-02, -1.51015697e-02, -3.51390755e-03,
       2.88444874e-03, 1.92225954e-04, 5.39787998e-03, 1.49611337e-02,
       4.10633534e-03, 6.24669343e-03, -1.26534291e-02, -5.81625092e-04,
       5.05836448e-03, -1.09458650e-02, -1.11855008e-03, -5.95097104e-03,
       -9.06984415e-03, 1.82688516e-03, 1.03707900e-02, 7.40339421e-03,
       1.55969383e-02, 3.61250155e-02, -5.14349621e-03, 2.36592093e-03,
       -5.09621762e-03, -2.04988942e-03, 2.08093715e-03, -3.32381646e-03,
       -2.40397677e-02, -1.44519666e-02, 4.66840761e-03, -8.04372970e-03,
       1.59824931e-03, 5.59333805e-03, 1.34828594e-02, 4.70389100e-03,
       -1.28046414e-02, -2.76066158e-02, 1.07693428e-03, 2.29147207e-02,
       -1.89639302e-03, -2.81402236e-03, 7.19518820e-03, 2.36514974e-02,
       1.01607749e-02, 2.19677817e-02, 1.33569427e-02, -1.00856065e-03,
       1.12783629e-02, -6.74813660e-03, 4.13812371e-03, -1.69716857e-03,
       -2.96399184e-03, 3.46586737e-03, 7.86045659e-03, 9.58023942e-04,
       -1.84381176e-02, -1.37422970e-02, -2.32174750e-02, 6.45975742e-05,
       -4.59882547e-04, -6.46793470e-03, -7.20088324e-03, 5.82506927e-03,
       -1.53286778e-03, -2.06292607e-03, 1.44723170e-02, -7.14008976e-03,
       -8.63455981e-03, -7.36105023e-03, 1.24138128e-02, 1.74757689e-02,
       4.78919043e-04, -6.45918865e-03, -1.63211918e-03, -8.60147644e-03,
       -1.65587161e-02, -9.43776686e-03, -1.45887081e-02,
       -6.82533253e-03, 3.94097948e-03, 2.55789375e-03, 2.24728603e-03,
       -6.42406102e-03, -7.37870950e-03, -9.58566181e-03, 2.86013680e-03,
       3.57561023e-03, 3.32861766e-03, -2.00131373e-03, 6.59211911e-03,
       4.07150155e-03, -6.85209315e-03, -5.89414593e-03, -9.46618151e-03,
       7.11987587e-03, 1.37040243e-02, 7.71761220e-03, -3.06720589e-03,
       -2.18723621e-03, 4.58308728e-04, -9.10703186e-03, -5.79757290e-03,
       3.10089905e-03, 2.25722848e-04, 3.45611270e-03, 8.46484583e-03,
       4.91612824e-03, -1.59867946e-03, -6.49777823e-04, -7.75885722e-03,
       -9.53106955e-03, -4.06081835e-03, 1.26672843e-02, 2.12605856e-02,
       9.35503468e-03, -8.90234672e-03, 8.78696237e-03, -3.13928584e-03,
       -1.59779924e-03, -2.28872086e-04, -1.76876280e-02,
       -6.30195346e-03, -3.07905168e-04, -8.84631462e-03,
       -1.12329144e-02, 1.47925625e-02, -3.86373256e-03, 2.66423766e-02,
       3.81291322e-02, 8.63363384e-04, 6.01401925e-03, 1.11581583e-03,
       -8.24186765e-03, -4.91081923e-03, -1.01514421e-02, 2.29019346e-03,
