%YAML:1.0
---
detectionoutput: !!opencv-object-detector-hog
   winSize: [ 64, 128 ]
   blockSize: [ 16, 16 ]
   blockStride: [ 8, 8 ]
   cellSize: [ 8, 8 ]
   nbins: 9
   derivAperture: 1
   winSigma: 4.
   histogramNormType: 0
   L2HysThreshold: 2.0000000000000001e-01
   gammaCorrection: 1
   nlevels: 64
   signedGradient: 0
   SVMDetector: [ -1.43277021e-02, 1.86505634e-02, -4.44006408e-03,
       -6.26346003e-03, -1.61300097e-02, -4.14542359e-04,
       -8.05667602e-03, -8.92075151e-03, -2.18588915e-02,
       -2.11586915e-02, 2.66476609e-02, 1.94361992e-03, -1.66408811e-02,
       1.55279683e-02, -2.46297452e-03, 1.21358177e-02, 3.31679918e-03,
       -2.73183770e-02, -1.02380132e-02, 1.50755150e-02, 6.37525693e-03,
       -1.29996957e-02, 1.67170484e-02, -1.39653555e-03, -2.13072039e-02,
       -9.44976974e-03, -1.49185928e-02, -1.55852512e-02, 1.90173872e-02,
       -1.11200917e-03, -3.64406370e-02, 3.11148856e-02, 9.03768558e-03,
       6.71790796e-04, 1.13392845e-02, -1.06640439e-02, -6.07179943e-03,
       6.42894441e-03, -1.49058690e-02, -2.78546661e-02, -8.69723130e-03,
       -9.38949175e-03, 4.80562914e-03, 1.41073912e-02, -6.84208144e-03,
       1.62032759e-03, -7.74227316e-03, -3.13012786e-02, -1.77295133e-02,
       -2.63544219e-03, 1.28134601e-02, -1.75186060e-03, -7.58562936e-04,
       6.72681397e-03, -1.56301409e-02, 2.63531134e-03, -1.92805789e-02,
       -3.87136564e-02, 3.87382996e-03, 1.02094514e-02, -1.36813801e-03,
       7.98771624e-03, -9.85228084e-03, -5.21640433e-03, -1.24883046e-02,
       -4.13424112e-02, -3.46447974e-02, -5.85384807e-03, 2.71933656e-02,
       1.49112539e-02, 5.47111686e-03, 6.13151165e-03, -4.34847921e-03,
       -1.13870623e-02, -3.89257036e-02, -2.35789157e-02,
       -4.15506819e-03, -2.58267130e-04, -1.82524007e-02,
       -4.74996446e-03, -3.47804581e-03, -1.49286259e-02, 7.58304773e-03,
       -1.69941485e-02, -1.48046464e-02, 3.57951671e-02, -9.93278576e-04,
       -1.70990992e-02, 5.81886712e-03, -1.67315695e-02, -1.27778668e-02,
       -1.14724534e-02, -4.09939736e-02, -2.12365352e-02,
       -1.19060017e-02, 2.40125768e-02, -1.34710483e-02, -8.00008699e-03,
       -4.93407156e-03, -8.24505929e-03, 1.01554468e-02, 4.07921569e-03,
       6.25792239e-03, 1.82583556e-02, -8.10747675e-04, -2.30382569e-02,
       2.02052132e-03, -1.03671169e-02, -1.60810836e-02, -2.21457426e-03,
       -1.90427024e-02, -2.89913472e-02, 9.01288539e-03, -5.32135833e-04,
       -1.12454435e-02, 2.38414016e-03, -2.25193705e-02, -7.94172473e-03,
       5.61887864e-03, -6.90758461e-03, -2.37270426e-02, -1.21360030e-02,
       -3.44752654e-04, -5.39413560e-03, -1.39374333e-02,
       -2.66306270e-02, -2.23889519e-02, 2.06626616e-02, 1.10309711e-02,
       -6.91431202e-03, 9.86000150e-03, -2.33880989e-02, -3.05308327e-02,
       1.15489308e-02, -4.10081586e-04, -1.68570094e-02, 2.36951709e-02,
       2.05395594e-02, -1.49815092e-02, 1.95451844e-02, 7.34436233e-03,
       1.08553544e-02, 1.97935179e-02, 2.07304116e-03, -1.25621213e-02,
       1.74030792e-02, -4.37379396e-03, -3.32288146e-02, -7.76157901e-03,
       -1.23725077e-02, -7.45539973e-03, -1.94420833e-02,
       -2.42607612e-02, 3.62114166e-04, 3.47490981e-02, 5.50693925e-03,
       -4.89153005e-02, -1.39185293e-02, -2.84748282e-02,
       -2.42173523e-02, -1.90343261e-02, -2.85808053e-02,
       -2.10342999e-03, 3.49357873e-02, 1.81496460e-02, -3.12915295e-02,
       1.21099232e-02, 6.14193268e-04, 1.59312692e-02, 1.76962968e-02,
       -5.95828379e-03, 1.45022776e-02, 4.33519669e-02, 3.06688305e-02,
       -1.95451286e-02, 5.89951756e-04, -2.37119347e-02, -6.68689935e-03,
       2.43817247e-03, -7.50940852e-03, 1.56215606e-02, 3.20219472e-02,
       2.18429696e-02, -3.25105414e-02, -2.28960589e-02, -3.28845866e-02,
       -2.61243917e-02, -6.55767648e-03, -1.56916771e-02, 4.06626612e-03,
       2.67460328e-02, 9.37785767e-03, -3.78348306e-02, -3.83864939e-02,
       -3.73002775e-02, -3.65155600e-02, -2.25215796e-02,
       -3.40308771e-02, 2.89916266e-02, 6.29871115e-02, 2.68067699e-02,
       -3.24667580e-02, -1.60963349e-02, -2.73654703e-02,
       -9.21757519e-03, 1.79332718e-02, -7.28939241e-03, 3.55955251e-02,
       6.75617829e-02, 2.60316953e-02, -3.74497324e-02, -3.03838700e-02,
       -3.64185497e-02, -2.10286789e-02, 5.73626766e-03, 8.39200895e-03,
       -4.38516540e-03, 2.37350613e-02, 2.49428442e-04, -3.33454050e-02,
       -5.72107397e-02, -3.39680761e-02, -2.86553372e-02,
       -2.13968437e-02, -3.29625793e-02, -4.05437127e-03, 1.88088324e-02,
       -1.60869409e-03, -2.22229902e-02, -4.30972464e-02,
       -3.52320112e-02, -3.38102691e-02, -3.63889150e-02,
       -1.94580983e-02, 2.23068930e-02, 6.03027754e-02, 1.20890625e-02,
       -3.59026529e-02, -4.02788520e-02, -3.04685272e-02,
       -3.96563066e-03, 1.38465408e-02, 5.35778515e-03, 1.16668642e-02,
       4.54267226e-02, 1.22917024e-02, -9.15808417e-03, 2.93419929e-03,
       -2.06126999e-02, 4.89867758e-03, 2.21586432e-02, 1.10547524e-02,
       4.79178445e-04, 1.00571979e-02, -1.63502758e-03, -2.07857490e-02,
       -3.75040621e-02, -2.71927975e-02, -3.14009674e-02,
       -1.98091846e-02, -8.39518383e-03, -8.16032011e-03, 1.41056050e-02,
       -4.87768743e-03, -3.01847458e-02, -1.04842270e-02,
       -3.45367268e-02, -4.51899953e-02, -2.70194784e-02,
       -1.44020785e-02, 3.41052674e-02, 4.88008410e-02, 1.89471208e-02,
       -7.91789219e-03, -1.36541007e-02, -2.19360590e-02,
       -1.02213593e-02, 1.92837864e-02, 2.27485895e-02, 3.30112837e-02,
       4.88317646e-02, 3.21829468e-02, -1.51474150e-02, -2.10589776e-03,
       -3.04896925e-02, -2.32100300e-02, 2.21504271e-02, 1.91169847e-02,
       4.12085885e-03, 5.37285442e-03, -1.14067709e-02, -2.25173924e-02,
       -2.71944189e-03, -3.35164405e-02, -3.16301882e-02,
       -2.13103089e-02, -1.62000638e-02, -9.44602396e-03,
       -1.71797182e-02, -1.60556938e-02, -1.46324355e-02,
       -6.15240587e-03, -2.50814036e-02, -4.16226638e-03,
       -3.27193714e-03, 4.97875456e-03, 3.42168361e-02, 5.13704456e-02,
       3.25203501e-02, -6.73238392e-05, 2.34234321e-05, -1.88318621e-02,
       -1.73217952e-02, 2.52437517e-02, 2.46361811e-02, 3.08804568e-02,
       6.11169972e-02, 4.06481735e-02, 2.49633752e-02, -3.48371128e-03,
       -8.42459407e-03, -4.89994651e-03, 2.68871486e-02, 1.93652827e-02,
       -2.24201232e-02, -2.48291101e-02, -1.57515015e-02,
       -1.57938302e-02, -5.35097532e-03, -2.56629065e-02,
       -4.80928831e-03, 6.02078345e-03, -4.44407016e-03, -3.79470587e-02,
       -6.84716448e-04, 1.09947035e-02, -6.58626575e-03, 4.45280643e-03,
       -2.29588617e-02, -1.78901739e-02, -8.39448068e-03,
       -3.65209542e-02, 2.99032666e-02, 5.18764071e-02, 2.07613092e-02,
       6.05813833e-03, 1.84749011e-02, 1.20511535e-03, 2.14730646e-03,
       3.47577780e-02, 3.63998786e-02, 2.23677177e-02, 4.28741574e-02,
       3.80555131e-02, 2.19868012e-02, 1.96605865e-02, 7.76764518e-03,
       2.17940360e-02, 3.56690846e-02, 3.00295949e-02, -4.20516655e-02,
       9.57673602e-03, 1.64148100e-02, -4.53996332e-03, -9.36535466e-03,
       -2.05003694e-02, -1.65802557e-02, -1.27549106e-02,
       -3.91244739e-02, -1.65066998e-02, 1.69222951e-02, 1.96166690e-02,
       -6.94041513e-03, 9.83100850e-03, -2.05966085e-02, -2.58095711e-02,
       -8.81561718e-04, -3.22868191e-02, 2.41921227e-02, 3.71102206e-02,
       2.02922095e-02, 7.30939349e-03, 1.75274408e-03, 1.39334444e-02,
       1.09673608e-02, 2.54407730e-02, 2.92544886e-02, 1.83326937e-02,
       4.81034927e-02, 2.14606803e-02, 1.78567041e-03, 7.95099419e-03,
       -5.04265400e-03, -5.24777919e-03, 2.20838115e-02, 3.09335645e-02,
       -1.77967455e-03, 8.82793218e-03, 1.73734687e-02, 2.77784001e-03,
       -6.17441628e-03, -1.92145500e-02, -2.00187694e-02, 4.38739080e-03,
       -9.96404141e-03, -1.15601774e-02, 4.20009857e-03, 1.95573866e-02,
       -4.31067962e-03, 8.42357520e-03, -5.00610285e-03, -1.16471583e-02,
