%YAML:1.0
---
detectionoutput: !!opencv-object-detector-hog
   winSize: [ 64, 128 ]
   blockSize: [ 16, 16 ]
   blockStride: [ 8, 8 ]
   cellSize: [ 8, 8 ]
   nbins: 9
   derivAperture: 1
   winSigma: 4.
   histogramNormType: 0
   L2HysThreshold: 2.0000000000000001e-01
   gammaCorrection: 1
   nlevels: 64
   signedGradient: 0
   SVMDetector: [ -1.75401922e-02, 1.57034378e-02, -4.27432312e-03,
       1.29447458e-02, -1.09222429e-02, -3.69928172e-03, -1.64215267e-02,
       -9.82495584e-03, -2.48954836e-02, -1.83595922e-02, 2.37266496e-02,
       5.27173793e-03, -3.02677345e-03, 4.90226177e-03, -9.46407393e-03,
       7.10397353e-03, 8.19461793e-03, -2.22413689e-02, -1.93420853e-02,
       1.14646917e-02, 2.39522057e-03, 3.06540122e-03, 2.04823427e-02,
       9.81419813e-04, -2.74237227e-02, -7.63531867e-03, -2.19812486e-02,
       -1.90996807e-02, 2.35636011e-02, 4.56887623e-03, -2.53945105e-02,
       2.10782345e-02, 7.82499928e-03, -4.98466892e-03, 1.68356616e-02,
       -1.39548853e-02, -3.53917712e-03, 8.44904967e-03, -1.55705120e-02,
       -1.69679206e-02, -1.99557785e-02, -1.28882350e-02,
       -2.90635251e-03, 1.41103314e-02, -4.58577089e-03, -2.28690961e-03,
       -6.79604197e-03, -2.88252011e-02, 2.21837265e-03, 6.18042937e-03,
       1.64176486e-02, -8.34126957e-03, -3.08933482e-03, -4.10874753e-04,
       -1.78163368e-02, 1.13582928e-02, -1.60260927e-02, -2.70280968e-02,
       -6.23607484e-05, 9.02560074e-03, -1.05492240e-02, 6.41090656e-03,
       -1.32674910e-02, -7.29804579e-03, -1.06667485e-02,
       -3.33368443e-02, -1.62760410e-02, -1.83013722e-03, 2.37220321e-02,
       -1.04804663e-03, -2.98513751e-03, -5.88253047e-03,
       -8.77272803e-03, -1.48166278e-02, -3.63055617e-02,
       -6.49731001e-03, 5.58257343e-05, -2.38964288e-03, -2.52860487e-02,
       -8.64153914e-03, -7.60949776e-03, -2.22148765e-02, 7.00209942e-03,
       -1.66648999e-02, 3.20341624e-03, 4.08113487e-02, -9.71440866e-04,
       -2.45327186e-02, 2.59964843e-04, -2.24440079e-02, -1.11838114e-02,
       -9.77767166e-03, -3.88534777e-02, -1.45417871e-02,
       -1.28254984e-02, 2.05979031e-02, -2.12591588e-02, -1.24493707e-02,
       -8.10605846e-03, -1.26276519e-02, 1.39356852e-02, 3.08092986e-03,
       9.22724977e-03, 1.65888332e-02, -2.14377884e-03, -2.30351407e-02,
       -4.15663235e-04, -1.30202146e-02, -1.60092432e-02,
       -1.46914297e-03, -2.67110914e-02, -1.44172646e-02, 8.51648021e-03,
       -5.37489029e-03, -1.94137674e-02, -5.71748882e-04,
       -2.63163447e-02, -6.16767537e-03, 6.87705865e-03, -1.05880629e-02,
       -9.69394017e-03, -1.44541543e-02, -5.71992993e-03,
       -9.52829234e-03, -1.68521926e-02, -2.72294972e-02,
       -2.24600136e-02, 1.87721569e-02, 6.62709493e-03, 9.20205901e-04,
       1.23160016e-02, -2.69515850e-02, -3.43202129e-02, 9.83521994e-03,
       -3.59661435e-03, -2.37536915e-02, 1.75105277e-02, 2.07728818e-02,
       3.64380685e-04, 2.79305074e-02, 5.25690790e-04, 4.37285192e-03,
       1.37373982e-02, -1.05636604e-02, -1.67643409e-02, 1.41893225e-02,
       -1.09742247e-02, -2.64378395e-02, -1.02741867e-02,
       -1.27590755e-02, -1.29388347e-02, -2.39026640e-02,
       -2.14305352e-02, -6.08282676e-03, 2.58451849e-02, 5.12982393e-03,
       -3.67006622e-02, -1.89824738e-02, -3.13092023e-02,
       -3.52982543e-02, -2.69176830e-02, -2.53602751e-02,
       -1.19263828e-02, 1.95205230e-02, 1.04870005e-02, -2.96988674e-02,
       1.80787388e-02, -5.03418641e-03, 9.19567700e-03, 1.21736210e-02,
       -1.19983535e-02, 2.05721129e-02, 4.00455222e-02, 3.93774174e-02,
       -1.39094163e-02, 5.03068417e-03, -2.90859118e-02, -8.40562955e-03,
       3.59101477e-03, -4.45719529e-03, 1.72542911e-02, 2.20736004e-02,
       1.60227865e-02, -2.54271775e-02, -2.96073388e-02, -4.27321345e-02,
       -3.55328508e-02, -1.01951528e-02, -6.31027110e-03, 1.32387606e-02,
       2.74454355e-02, 1.80893075e-02, -2.94583142e-02, -4.66098450e-02,
       -4.64889668e-02, -4.25795354e-02, -2.14586761e-02,
       -2.26938631e-02, 3.13143730e-02, 6.50013238e-02, 3.95306088e-02,
       -2.36912072e-02, -1.52300913e-02, -3.62843610e-02,
       -1.14563201e-02, 1.97402332e-02, -1.89983996e-03, 3.73199396e-02,
       7.68596604e-02, 4.77403067e-02, -2.69871820e-02, -3.13410945e-02,
       -4.56177145e-02, -2.77836900e-02, 2.91837426e-03, 6.28239987e-03,
       -3.17441270e-04, 2.66202576e-02, 6.58763479e-03, -2.95947138e-02,
       -5.93841523e-02, -3.88571285e-02, -3.12514193e-02,
       -2.54247990e-02, -2.88948212e-02, -1.42092176e-03, 2.57713608e-02,
       1.09637948e-02, -2.24365015e-02, -4.49596085e-02, -3.98912691e-02,
       -3.70942764e-02, -4.26476188e-02, -1.55683467e-02, 2.71390025e-02,
       6.40288442e-02, 2.93467697e-02, -3.30206305e-02, -4.39327061e-02,
       -3.93677875e-02, -9.71590169e-03, 6.48497418e-03, 4.48661111e-03,
       1.09726358e-02, 5.15992120e-02, 2.65224241e-02, -5.79904672e-03,
       -5.00062853e-03, -2.82719545e-02, -2.68125487e-03, 1.81964710e-02,
       1.46375448e-02, 1.42292352e-03, 1.84500199e-02, 2.76002893e-03,
       -2.95207612e-02, -4.36656065e-02, -3.35204639e-02,
       -3.65366451e-02, -2.67349500e-02, -4.54379572e-03,
       -5.46743628e-03, 3.18462811e-02, 2.12445296e-03, -3.58680896e-02,
       -2.04837900e-02, -4.01946791e-02, -5.22428043e-02,
       -3.37283351e-02, -1.54527109e-02, 3.09877079e-02, 5.75431362e-02,
       3.05583254e-02, -4.41664830e-03, -1.56299509e-02, -2.32798513e-02,
       -1.67369489e-02, 1.25318225e-02, 2.62428913e-02, 3.14945318e-02,
       5.55140860e-02, 3.97132635e-02, -5.65031404e-03, -4.53560147e-03,
       -2.64813341e-02, -2.51682270e-02, 1.21684987e-02, 1.96606219e-02,
       1.18826265e-02, 1.04207601e-02, -1.38302287e-02, -2.91766729e-02,
       -1.31195616e-02, -3.88876460e-02, -3.53549197e-02,
       -2.21457891e-02, -1.03410417e-02, -7.58880796e-03,
       -2.59199813e-02, -2.65985634e-02, -2.28109043e-02,
       -1.21616116e-02, -2.20293626e-02, 1.35655166e-04, -6.33953721e-04,
       7.05433823e-03, 3.74286808e-02, 5.38840182e-02, 2.92693283e-02,
       -1.16517593e-03, -5.87881543e-03, -1.99447200e-02,
       -1.69603974e-02, 2.29018871e-02, 2.97332406e-02, 2.38516759e-02,
       4.75443117e-02, 3.12549435e-02, 2.45482083e-02, -8.17301869e-03,
       -6.30164891e-03, 3.63786006e-03, 3.36057842e-02, 2.08702721e-02,
       -2.15693694e-02, -2.83554401e-02, -2.03961395e-02,
       -1.88343432e-02, -1.44400587e-02, -2.49135401e-02,
       -3.17409984e-03, 2.82694376e-03, -7.44403247e-03, -4.11833487e-02,
       -5.46273589e-03, 5.35960728e-03, -5.82756288e-03, -1.13744326e-02,
       -2.20701005e-02, -2.18985416e-02, -1.43537316e-02,
       -4.15887646e-02, 2.52844933e-02, 4.88521457e-02, 2.60623135e-02,
       9.90826637e-03, 1.37205552e-02, 4.46261326e-03, 1.34513332e-02,
       3.92260700e-02, 3.95296328e-02, 2.76161935e-02, 4.42010649e-02,
       4.20897678e-02, 2.44417619e-02, 1.97131429e-02, 9.40981787e-03,
       3.20833176e-02, 3.76484171e-02, 3.87501419e-02, -3.71506847e-02,
       7.79478624e-03, 1.56671423e-02, -9.41948558e-04, -1.31270448e-02,
       -1.66936591e-02, -1.66254248e-02, -1.38521530e-02,
       -3.78992744e-02, -1.36121456e-02, 1.28273098e-02, 1.78440753e-02,
       -6.30535278e-03, -2.54852814e-04, -2.61829086e-02,
       -2.95569617e-02, -4.67565842e-03, -3.79579291e-02, 2.63225548e-02,
       4.42852825e-02, 2.44167764e-02, 5.86418901e-03, 5.63986460e-03,
       1.57541446e-02, 2.00621355e-02, 3.28913406e-02, 3.87131721e-02,
       1.88851040e-02, 4.95297201e-02, 2.36604717e-02, -4.30263625e-03,
       1.57041010e-03, -8.93790741e-03, 1.21428410e-03, 2.41381247e-02,
       3.27131823e-02, -2.04401254e-03, 6.26069261e-03, 1.78696420e-02,
       1.01858340e-02, -6.49982179e-03, -2.43182592e-02, -1.85515825e-02,
       3.23174801e-03, -1.67397168e-02, -9.71847028e-03, 3.04387952e-03,
       1.46843623e-02, 3.61348689e-03, 1.13380272e-02, -1.46349403e-03,
       -4.70649404e-03, 1.53294776e-03, -2.51580514e-02, 2.65406482e-02,
